
 ======================
run data = 20240313-0315-
learning rate = 0.001
epochs = 300
samples_type = ratio
train ratio = 0.01
val ratio = 0.01
train num = 10
val num = 0
train time = 40.95457172393799
test time = 0.4402618408203125
              precision    recall  f1-score   support

           1     0.6719    0.9773    0.7963        44
           2     0.9142    0.8383    0.8746      1398
           3     0.8487    0.9187    0.8823       812
           4     0.7574    1.0000    0.8619       231
           5     0.9780    0.7505    0.8493       473
           6     0.9493    0.9440    0.9466       714
           7     0.4062    1.0000    0.5778        26
           8     1.0000    0.9979    0.9989       468
           9     0.4211    0.8889    0.5714        18
          10     0.8805    0.8204    0.8494       952
          11     0.9194    0.9534    0.9361      2405
          12     0.6781    0.7470    0.7109       581
          13     1.0000    0.9698    0.9847       199
          14     0.9856    0.9927    0.9891      1239
          15     0.9453    0.7778    0.8534       378
          16     0.9881    0.9121    0.9486        91

    accuracy                         0.9012     10029
   macro avg     0.8340    0.9056    0.8520     10029
weighted avg     0.9083    0.9012    0.9021     10029
kappa = 0.8872875503352158
