
 ======================
run data = 20240313-0246-
learning rate = 0.001
epochs = 300
samples_type = ratio
train ratio = 0.01
val ratio = 0.01
train num = 10
val num = 0
train time = 40.172465324401855
test time = 0.36518335342407227
              precision    recall  f1-score   support

           1     0.7959    0.8864    0.8387        44
           2     0.9272    0.9013    0.9140      1398
           3     0.7625    0.7155    0.7382       812
           4     0.9146    0.9740    0.9434       231
           5     0.9633    0.8330    0.8934       473
           6     0.9804    0.9818    0.9811       714
           7     0.5652    1.0000    0.7222        26
           8     0.9936    0.9957    0.9947       468
           9     0.8824    0.8333    0.8571        18
          10     0.8738    0.9307    0.9013       952
          11     0.9251    0.9397    0.9323      2405
          12     0.8519    0.8313    0.8415       581
          13     0.8844    1.0000    0.9387       199
          14     0.9869    0.9693    0.9780      1239
          15     0.9020    0.9735    0.9364       378
          16     0.9639    0.8791    0.9195        91

    accuracy                         0.9157     10029
   macro avg     0.8858    0.9153    0.8957     10029
weighted avg     0.9165    0.9157    0.9154     10029
kappa = 0.9039102991578071
